131 -30.8005824958
142 -29.3115019907
147 -28.6198447197
151 -28.0598697922
152 -27.9189541924
150 -28.2004168764
147 -28.6198447197
146 -28.7589155194
134 -30.3989117602
137 -29.9939096593
140 -29.5855755525
149 -28.3405952041
160 -26.7783981495
169 -25.4673349685
179 -23.9763630614
188 -22.6042643646
200 -20.7315244709
204 -20.0966041616
207 -19.6170024743
211 -18.9730627373
216 -18.1610986514
222 -17.1767042368
224 -16.8462036183
234 -15.1766531557
240 -14.1619072156
244 -13.4802937305
244 -13.4802937305
245 -13.3092731634
245 -13.3092731634
246 -13.1380107388
248 -12.7947705553
250 -12.4505938975
251 -12.27816097
255 -11.5861945828
260 -10.716415138
268 -9.31446618872
284 -6.47814449368
301 -3.42956303425
315 -0.903521102942
326 1.08418578394
343 4.14927284182
346 4.68820817711
348 5.04704295533
350 5.40548122707
350 5.40548122707
349 5.2263133684
350 5.40548122707
356 6.47814449368
365 8.07840333388
373 9.49036203441
382 11.0649501803
388 12.1055018665
393 12.9665090103
398 13.8215992013
400 14.1619072156
401 14.3316810555
398 13.8215992013
391 12.6227979758
386 11.7595159414
380 10.716415138
370 8.96214562164
359 7.01281810301
350 5.40548122707
336 2.88905621447
325 0.903521102942
313 -1.26482890569
302 -3.2494572263
292 -5.04704295533
281 -7.01281810301
272 -8.60914039815
262 -10.3670757756
251 -12.27816097
242 -13.8215992013
232 -15.5127800037
222 -17.1767042368
217 -17.9977843067
213 -18.6492056135
210 -19.1345219455
209 -19.2956660468
208 -19.4564934211
210 -19.1345219455
211 -18.9730627373
211 -18.9730627373
211 -18.9730627373
212 -18.8112900689
211 -18.9730627373
213 -18.6492056135
213 -18.6492056135
218 -17.8341669367
224 -16.8462036183
230 -15.8478157604
234 -15.1766531557
241 -13.991879121
247 -12.9665090103
253 -11.9326192837
261 -10.5418445502
268 -9.31446618872
276 -7.90117578885
285 -6.29966318959
291 -5.2263133684
298 -3.96945941632
307 -2.34803427023
314 -1.08418578394
324 0.722838451979
329 1.62603612764
334 2.52842624713
338 3.2494572263
340 3.60960101044
344 4.32900442802
345 4.50865069606
347 4.86767341275
349 5.2263133684
351 5.58454311837
351 5.58454311837
353 5.94233540899
354 6.12105904546
355 6.29966318959
355 6.29966318959
357 6.65649962419
360 7.19077485806
362 7.54626703225
365 8.07840333388
365 8.07840333388
364 7.90117578885
362 7.54626703225
357 6.65649962419
356 6.47814449368
354 6.12105904546
355 6.29966318959
357 6.65649962419
359 7.01281810301
362 7.54626703225
365 8.07840333388
366 8.25547539644
364 7.90117578885
367 8.43238880308
366 8.25547539644
369 8.78572704406
369 8.78572704406
369 8.78572704406
369 8.78572704406
370 8.96214562164
374 9.6660775247
376 10.0169553674
379 10.5418445502
382 11.0649501803
385 11.5861945828
390 12.4505938975
396 13.4802937305
400 14.1619072156
405 15.0081861531
410 15.8478157604
419 17.3415151254
422 17.8341669367
425 18.3241081656
428 18.8112900689
429 18.9730627373
432 19.4564934211
431 19.2956660468
430 19.1345219455
430 19.1345219455
428 18.8112900689
428 18.8112900689
428 18.8112900689
431 19.2956660468
430 19.1345219455
431 19.2956660468
430 19.1345219455
429 18.9730627373
428 18.8112900689
425 18.3241081656
423 17.9977843067
420 17.5060304746
419 17.3415151254
417 17.0115997464
415 16.6805178427
412 16.1817429307
410 15.8478157604
404 14.839453126
402 14.5011982358
398 13.8215992013
395 13.3092731634
394 13.1380107388
389 12.27816097
387 11.9326192837
385 11.5861945828
385 11.5861945828
384 11.4126579737
388 12.1055018665
390 12.4505938975
391 12.6227979758
391 12.6227979758
392 12.7947705553
392 12.7947705553
392 12.7947705553
394 13.1380107388
394 13.1380107388
395 13.3092731634
397 13.6510699113
399 13.991879121
402 14.5011982358
404 14.839453126
407 15.3448518565
409 15.6804353717
410 15.8478157604
411 16.014918996
413 16.3482854428
412 16.1817429307
413 16.3482854428
411 16.014918996
407 15.3448518565
401 14.3316810555
396 13.4802937305
389 12.27816097
385 11.5861945828
379 10.5418445502
378 10.3670757756
376 10.0169553674
374 9.6660775247
374 9.6660775247
374 9.6660775247
374 9.6660775247
374 9.6660775247
372 9.31446618872
369 8.78572704406
357 6.65649962419
350 5.40548122707
343 4.14927284182
338 3.2494572263
332 2.16759570496
329 1.62603612764
328 1.44544688149
328 1.44544688149
327 1.26482890569
327 1.26482890569
326 1.08418578394
327 1.26482890569
324 0.722838451979
322 0.361433607542
319 -0.180718601626
318 -0.361433607542
320 0.0
320 0.0
321 0.180718601626
322 0.361433607542
323 0.542141422467
324 0.722838451979
323 0.542141422467
324 0.722838451979
215 -18.3241081656
309 -1.98711411367
309 -1.98711411367
305 -2.70876807883
289 -5.58454311837
296 -4.32900442802
291 -5.2263133684
289 -5.58454311837
285 -6.29966318959
284 -6.47814449368
283 -6.65649962419
281 -7.01281810301
278 -7.54626703225
277 -7.72379595228
275 -8.07840333388
273 -8.43238880308
271 -8.78572704406
270 -8.96214562164
269 -9.13839303037
268 -9.31446618872
267 -9.49036203441
266 -9.6660775247
261 -10.5418445502
259 -10.8907846404
253 -11.9326192837
249 -12.6227979758
245 -13.3092731634
241 -13.991879121
236 -14.839453126
233 -15.3448518565
229 -16.014918996
222 -17.1767042368
218 -17.8341669367
213 -18.6492056135
210 -19.1345219455
203 -20.2558245157
200 -20.7315244709
195 -21.5177375952
193 -21.8298751297
189 -22.4500716409
185 -23.0647697725
183 -23.3700358217
181 -23.6739027107
180 -23.8253091496
178 -24.1270635835
178 -24.1270635835
177 -24.2774098769
176 -24.4274011258
176 -24.4274011258
175 -24.5770365379
173 -24.8752367981
170 -25.3198499288
166 -25.9076232098
163 -26.3446489894
161 -26.634179968
160 -26.7783981495
158 -27.0657376973
159 -26.9222508657
159 -26.9222508657
162 -26.489596761
163 -26.3446489894
165 -26.0536617002
167 -25.7612222091
168 -25.6144592656
170 -25.3198499288
171 -25.1720047797
173 -24.8752367981
174 -24.7263153441
175 -24.5770365379
182 -23.5221446313
193 -21.8298751297
202 -20.4147189723
210 -19.1345219455
216 -18.1610986514
225 -16.6805178427
232 -15.5127800037
240 -14.1619072156
242 -13.8215992013
244 -13.4802937305
247 -12.9665090103
246 -13.1380107388
249 -12.6227979758
252 -12.1055018665
253 -11.9326192837
254 -11.7595159414
255 -11.5861945828
257 -11.2389089025
258 -11.0649501803
259 -10.8907846404
261 -10.5418445502
262 -10.3670757756
263 -10.1921117343
263 -10.1921117343
263 -10.1921117343
267 -9.49036203441
269 -9.13839303037
273 -8.43238880308
277 -7.72379595228
282 -6.83472526204
283 -6.65649962419
289 -5.58454311837
290 -5.40548122707
297 -4.14927284182
301 -3.42956303425
305 -2.70876807883
308 -2.16759570496
310 -1.80659306384
311 -1.62603612764
312 -1.44544688149
312 -1.44544688149
314 -1.08418578394
315 -0.903521102942
316 -0.722838451979
316 -0.722838451979
318 -0.361433607542
321 0.180718601626
324 0.722838451979
323 0.542141422467
321 0.180718601626
320 0.0
314 -1.08418578394
312 -1.44544688149
308 -2.16759570496
306 -2.52842624713
303 -3.06928710953
302 -3.2494572263
301 -3.42956303425
301 -3.42956303425
302 -3.2494572263
304 -2.88905621447
305 -2.70876807883
305 -2.70876807883
305 -2.70876807883
305 -2.70876807883
303 -3.06928710953
305 -2.70876807883
304 -2.88905621447
303 -3.06928710953
304 -2.88905621447
305 -2.70876807883
305 -2.70876807883
305 -2.70876807883
306 -2.52842624713
304 -2.88905621447
304 -2.88905621447
304 -2.88905621447
305 -2.70876807883
303 -3.06928710953
303 -3.06928710953
303 -3.06928710953
304 -2.88905621447
304 -2.88905621447
304 -2.88905621447
304 -2.88905621447
305 -2.70876807883
306 -2.52842624713
306 -2.52842624713
307 -2.34803427023
307 -2.34803427023
307 -2.34803427023
305 -2.70876807883
304 -2.88905621447
303 -3.06928710953
301 -3.42956303425
301 -3.42956303425
299 -3.78956763996
298 -3.96945941632
300 -3.60960101044
300 -3.60960101044
300 -3.60960101044
301 -3.42956303425
302 -3.2494572263
303 -3.06928710953
305 -2.70876807883
305 -2.70876807883
306 -2.52842624713
306 -2.52842624713
305 -2.70876807883
306 -2.52842624713
306 -2.52842624713
306 -2.52842624713
306 -2.52842624713
306 -2.52842624713
306 -2.52842624713
306 -2.52842624713
306 -2.52842624713
306 -2.52842624713
305 -2.70876807883
306 -2.52842624713
305 -2.70876807883
305 -2.70876807883
304 -2.88905621447
304 -2.88905621447
305 -2.70876807883
306 -2.52842624713
305 -2.70876807883
305 -2.70876807883
304 -2.88905621447
304 -2.88905621447
303 -3.06928710953
303 -3.06928710953
304 -2.88905621447
305 -2.70876807883
304 -2.88905621447
304 -2.88905621447
302 -3.2494572263
302 -3.2494572263
300 -3.60960101044
299 -3.78956763996
300 -3.60960101044
300 -3.60960101044
300 -3.60960101044
300 -3.60960101044
301 -3.42956303425
301 -3.42956303425
301 -3.42956303425
301 -3.42956303425
301 -3.42956303425
302 -3.2494572263
303 -3.06928710953
304 -2.88905621447
304 -2.88905621447
305 -2.70876807883
304 -2.88905621447
306 -2.52842624713
307 -2.34803427023
308 -2.16759570496
308 -2.16759570496
310 -1.80659306384
312 -1.44544688149
313 -1.26482890569
315 -0.903521102942
317 -0.542141422467
320 0.0
321 0.180718601626
323 0.542141422467
323 0.542141422467
325 0.903521102942
325 0.903521102942
327 1.26482890569
330 1.80659306384
330 1.80659306384
334 2.52842624713
331 1.98711411367
332 2.16759570496
329 1.62603612764
327 1.26482890569
325 0.903521102942
322 0.361433607542
317 -0.542141422467
310 -1.80659306384
305 -2.70876807883
302 -3.2494572263
294 -4.68820817711
291 -5.2263133684
288 -5.76349564166
282 -6.83472526204
279 -7.36859225369
276 -7.90117578885
271 -8.78572704406
268 -9.31446618872
265 -9.84160963663
262 -10.3670757756
260 -10.716415138
257 -11.2389089025
257 -11.2389089025
255 -11.5861945828
252 -12.1055018665
249 -12.6227979758
249 -12.6227979758
247 -12.9665090103
245 -13.3092731634
244 -13.4802937305
246 -13.1380107388
242 -13.8215992013
243 -13.6510699113
244 -13.4802937305
244 -13.4802937305
245 -13.3092731634
246 -13.1380107388
247 -12.9665090103
247 -12.9665090103
247 -12.9665090103
246 -13.1380107388
242 -13.8215992013
240 -14.1619072156
235 -15.0081861531
230 -15.8478157604
228 -16.1817429307
225 -16.6805178427
223 -17.0115997464
222 -17.1767042368
220 -17.5060304746
219 -17.6702483733
218 -17.8341669367
218 -17.8341669367
218 -17.8341669367
220 -17.5060304746
228 -16.1817429307
232 -15.5127800037
244 -13.4802937305
251 -12.27816097
259 -10.8907846404
275 -8.07840333388
286 -6.12105904546
294 -4.68820817711
308 -2.16759570496
318 -0.361433607542
332 2.16759570496
343 4.14927284182
351 5.58454311837
360 7.19077485806
368 8.60914039815
375 9.84160963663
382 11.0649501803
393 12.9665090103
402 14.5011982358
407 15.3448518565
413 16.3482854428
418 17.1767042368
423 17.9977843067
430 19.1345219455
434 19.7771916387
437 20.2558245157
441 20.8894327168
445 21.5177375952
447 21.8298751297
450 22.2955352376
453 22.7581123276
455 23.0647697725
456 23.2175772159
456 23.2175772159
456 23.2175772159
455 23.0647697725
453 22.7581123276
449 22.14065626
446 21.6739753131
443 21.2042534056
438 20.4147189723
433 19.6170024743
428 18.8112900689
422 17.8341669367
414 16.5145444365
405 15.0081861531
399 13.991879121
393 12.9665090103
387 11.9326192837
381 10.8907846404
375 9.84160963663
371 9.13839303037
364 7.90117578885
362 7.54626703225
356 6.47814449368
353 5.94233540899
351 5.58454311837
350 5.40548122707
348 5.04704295533
347 4.86767341275
346 4.68820817711
346 4.68820817711
346 4.68820817711
348 5.04704295533
349 5.2263133684
351 5.58454311837
354 6.12105904546
355 6.29966318959
356 6.47814449368
362 7.54626703225
364 7.90117578885
369 8.78572704406
372 9.31446618872
374 9.6660775247
378 10.3670757756
378 10.3670757756
378 10.3670757756
381 10.8907846404
380 10.716415138
380 10.716415138
381 10.8907846404
383 11.2389089025
384 11.4126579737
384 11.4126579737
385 11.5861945828
385 11.5861945828
388 12.1055018665
389 12.27816097
390 12.4505938975
389 12.27816097
392 12.7947705553
391 12.6227979758
391 12.6227979758
392 12.7947705553
392 12.7947705553
393 12.9665090103
394 13.1380107388
394 13.1380107388
395 13.3092731634
391 12.6227979758
389 12.27816097
386 11.7595159414
383 11.2389089025
379 10.5418445502
377 10.1921117343
373 9.49036203441
371 9.13839303037
368 8.60914039815
364 7.90117578885
362 7.54626703225
359 7.01281810301
358 6.83472526204
356 6.47814449368
355 6.29966318959
354 6.12105904546
354 6.12105904546
353 5.94233540899
351 5.58454311837
350 5.40548122707
349 5.2263133684
348 5.04704295533
347 4.86767341275
345 4.50865069606
343 4.14927284182
342 3.96945941632
343 4.14927284182
343 4.14927284182
343 4.14927284182
343 4.14927284182
342 3.96945941632
343 4.14927284182
343 4.14927284182
343 4.14927284182
341 3.78956763996
337 3.06928710953
335 2.70876807883
334 2.52842624713
334 2.52842624713
333 2.34803427023
334 2.52842624713
332 2.16759570496
333 2.34803427023
337 3.06928710953
341 3.78956763996
343 4.14927284182
347 4.86767341275
351 5.58454311837
353 5.94233540899
358 6.83472526204
359 7.01281810301
365 8.07840333388
365 8.07840333388
372 9.31446618872
374 9.6660775247
378 10.3670757756
378 10.3670757756
375 9.84160963663
370 8.96214562164
367 8.43238880308
368 8.60914039815
368 8.60914039815
367 8.43238880308
369 8.78572704406
365 8.07840333388
362 7.54626703225
357 6.65649962419
355 6.29966318959
358 6.83472526204
365 8.07840333388
369 8.78572704406
372 9.31446618872
372 9.31446618872
374 9.6660775247
377 10.1921117343
380 10.716415138
380 10.716415138
380 10.716415138
378 10.3670757756
381 10.8907846404
384 11.4126579737
387 11.9326192837
388 12.1055018665
383 11.2389089025
380 10.716415138
381 10.8907846404
378 10.3670757756
377 10.1921117343
375 9.84160963663
374 9.6660775247
372 9.31446618872
371 9.13839303037
371 9.13839303037
371 9.13839303037
371 9.13839303037
371 9.13839303037
370 8.96214562164
368 8.60914039815
364 7.90117578885
360 7.19077485806
353 5.94233540899
346 4.68820817711
337 3.06928710953
336 2.88905621447
335 2.70876807883
332 2.16759570496
330 1.80659306384
326 1.08418578394
322 0.361433607542
317 -0.542141422467
313 -1.26482890569
312 -1.44544688149
313 -1.26482890569
313 -1.26482890569
314 -1.08418578394
313 -1.26482890569
313 -1.26482890569
316 -0.722838451979
318 -0.361433607542
319 -0.180718601626
319 -0.180718601626
318 -0.361433607542
320 0.0
330 1.80659306384
341 3.78956763996
358 6.83472526204
362 7.54626703225
365 8.07840333388
366 8.25547539644
364 7.90117578885
360 7.19077485806
360 7.19077485806
357 6.65649962419
358 6.83472526204
367 8.43238880308
383 11.2389089025
390 12.4505938975
408 15.5127800037
415 16.6805178427
424 18.1610986514
430 19.1345219455
434 19.7771916387
439 20.5732860944
443 21.2042534056
447 21.8298751297
452 22.6042643646
462 24.1270635835
467 24.8752367981
471 25.4673349685
469 25.1720047797
462 24.1270635835
456 23.2175772159
448 21.9854358389
432 19.4564934211
421 17.6702483733
408 15.5127800037
391 12.6227979758
380 10.716415138
370 8.96214562164
361 7.36859225369
350 5.40548122707
342 3.96945941632
332 2.16759570496
326 1.08418578394
323 0.542141422467
320 0.0
319 -0.180718601626
318 -0.361433607542
318 -0.361433607542
319 -0.180718601626
323 0.542141422467
328 1.44544688149
333 2.34803427023
338 3.2494572263
344 4.32900442802
355 6.29966318959
363 7.72379595228
372 9.31446618872
383 11.2389089025
395 13.3092731634
398 13.8215992013
413 16.3482854428
418 17.1767042368
424 18.1610986514
438 20.4147189723
447 21.8298751297
455 23.0647697725
465 24.5770365379
471 25.4673349685
477 26.3446489894
481 26.9222508657
476 26.1993371349
462 24.1270635835
453 22.7581123276
441 20.8894327168
424 18.1610986514
411 16.014918996
397 13.6510699113
389 12.27816097
370 8.96214562164
362 7.54626703225
353 5.94233540899
347 4.86767341275
340 3.60960101044
337 3.06928710953
334 2.52842624713
332 2.16759570496
329 1.62603612764
329 1.62603612764
326 1.08418578394
326 1.08418578394
325 0.903521102942
324 0.722838451979
324 0.722838451979
326 1.08418578394
325 0.903521102942
324 0.722838451979
327 1.26482890569
327 1.26482890569
325 0.903521102942
325 0.903521102942
326 1.08418578394
327 1.26482890569
328 1.44544688149
329 1.62603612764
331 1.98711411367
332 2.16759570496
332 2.16759570496
333 2.34803427023
332 2.16759570496
332 2.16759570496
333 2.34803427023
332 2.16759570496
332 2.16759570496
332 2.16759570496
332 2.16759570496
332 2.16759570496
331 1.98711411367
331 1.98711411367
333 2.34803427023
332 2.16759570496
331 1.98711411367
329 1.62603612764
324 0.722838451979
316 -0.722838451979
312 -1.44544688149
309 -1.98711411367
305 -2.70876807883
301 -3.42956303425
294 -4.68820817711
289 -5.58454311837
282 -6.83472526204
279 -7.36859225369
277 -7.72379595228
277 -7.72379595228
279 -7.36859225369
282 -6.83472526204
284 -6.47814449368
284 -6.47814449368
283 -6.65649962419
279 -7.36859225369
274 -8.25547539644
269 -9.13839303037
266 -9.6660775247
263 -10.1921117343
261 -10.5418445502
259 -10.8907846404
261 -10.5418445502
263 -10.1921117343
264 -10.0169553674
268 -9.31446618872
272 -8.60914039815
275 -8.07840333388
281 -7.01281810301
287 -5.94233540899
295 -4.50865069606
303 -3.06928710953
314 -1.08418578394
322 0.361433607542
327 1.26482890569
329 1.62603612764
334 2.52842624713
337 3.06928710953
339 3.42956303425
343 4.14927284182
344 4.32900442802
342 3.96945941632
342 3.96945941632
340 3.60960101044
340 3.60960101044
339 3.42956303425
338 3.2494572263
338 3.2494572263
334 2.52842624713
327 1.26482890569
322 0.361433607542
319 -0.180718601626
322 0.361433607542
328 1.44544688149
334 2.52842624713
335 2.70876807883
334 2.52842624713
332 2.16759570496
329 1.62603612764
133 -30.5331720877
140 -29.5855755525
143 -29.1739101425
145 -28.8976167856
146 -28.7589155194
145 -28.8976167856
145 -28.8976167856
142 -29.3115019907
141 -29.4487238197
137 -29.9939096593
132 -30.6670623088
129 -31.0665131334
123 -31.8554364933
120 -32.2449182267
119 -32.3740091478
115 -32.8866982842
115 -32.8866982842
115 -32.8866982842
114 -33.0139534055
115 -32.8866982842
115 -32.8866982842
298 -3.96945941632
295 -4.50865069606
293 -4.86767341275
290 -5.40548122707
287 -5.94233540899
287 -5.94233540899
285 -6.29966318959
283 -6.65649962419
277 -7.72379595228
278 -7.54626703225
284 -6.47814449368
284 -6.47814449368
285 -6.29966318959
284 -6.47814449368
285 -6.29966318959
286 -6.12105904546
287 -5.94233540899
288 -5.76349564166
289 -5.58454311837
290 -5.40548122707
290 -5.40548122707
290 -5.40548122707
289 -5.58454311837
288 -5.76349564166
289 -5.58454311837
286 -6.12105904546
282 -6.83472526204
279 -7.36859225369
278 -7.54626703225
274 -8.25547539644
272 -8.60914039815
269 -9.13839303037
268 -9.31446618872
266 -9.6660775247
267 -9.49036203441
265 -9.84160963663
266 -9.6660775247
266 -9.6660775247
266 -9.6660775247
265 -9.84160963663
265 -9.84160963663
266 -9.6660775247
269 -9.13839303037
270 -8.96214562164
272 -8.60914039815
272 -8.60914039815
272 -8.60914039815
272 -8.60914039815
270 -8.96214562164
268 -9.31446618872
265 -9.84160963663
265 -9.84160963663
263 -10.1921117343
259 -10.8907846404
255 -11.5861945828
254 -11.7595159414
254 -11.7595159414
254 -11.7595159414
253 -11.9326192837
252 -12.1055018665
251 -12.27816097
253 -11.9326192837
254 -11.7595159414
256 -11.4126579737
257 -11.2389089025
258 -11.0649501803
259 -10.8907846404
259 -10.8907846404
260 -10.716415138
261 -10.5418445502
261 -10.5418445502
262 -10.3670757756
262 -10.3670757756
261 -10.5418445502
261 -10.5418445502
260 -10.716415138
260 -10.716415138
259 -10.8907846404
256 -11.4126579737
255 -11.5861945828
253 -11.9326192837
252 -12.1055018665
251 -12.27816097
250 -12.4505938975
250 -12.4505938975
248 -12.7947705553
246 -13.1380107388
247 -12.9665090103
246 -13.1380107388
247 -12.9665090103
249 -12.6227979758
250 -12.4505938975
249 -12.6227979758
251 -12.27816097
253 -11.9326192837
254 -11.7595159414
255 -11.5861945828
258 -11.0649501803
260 -10.716415138
260 -10.716415138
259 -10.8907846404
258 -11.0649501803
257 -11.2389089025
257 -11.2389089025
258 -11.0649501803
258 -11.0649501803
258 -11.0649501803
259 -10.8907846404
260 -10.716415138
260 -10.716415138
260 -10.716415138
260 -10.716415138
262 -10.3670757756
263 -10.1921117343
266 -9.6660775247
267 -9.49036203441
278 -7.54626703225
289 -5.58454311837
296 -4.32900442802
301 -3.42956303425
308 -2.16759570496
315 -0.903521102942
320 0.0
323 0.542141422467
325 0.903521102942
326 1.08418578394
327 1.26482890569
330 1.80659306384
335 2.70876807883
340 3.60960101044
342 3.96945941632
343 4.14927284182
342 3.96945941632
338 3.2494572263
334 2.52842624713
335 2.70876807883
330 1.80659306384
328 1.44544688149
328 1.44544688149
324 0.722838451979
326 1.08418578394
331 1.98711411367
334 2.52842624713
344 4.32900442802
357 6.65649962419
362 7.54626703225
367 8.43238880308
377 10.1921117343
382 11.0649501803
385 11.5861945828
388 12.1055018665
390 12.4505938975
391 12.6227979758
389 12.27816097
383 11.2389089025
379 10.5418445502
376 10.0169553674
374 9.6660775247
375 9.84160963663
375 9.84160963663
374 9.6660775247
366 8.25547539644
360 7.19077485806
353 5.94233540899
352 5.76349564166
354 6.12105904546
351 5.58454311837
350 5.40548122707
351 5.58454311837
350 5.40548122707
348 5.04704295533
343 4.14927284182
345 4.50865069606
341 3.78956763996
338 3.2494572263
330 1.80659306384
324 0.722838451979
317 -0.542141422467
316 -0.722838451979
316 -0.722838451979
320 0.0
318 -0.361433607542
321 0.180718601626
322 0.361433607542
327 1.26482890569
334 2.52842624713
338 3.2494572263
336 2.88905621447
335 2.70876807883
338 3.2494572263
340 3.60960101044
338 3.2494572263
338 3.2494572263
339 3.42956303425
338 3.2494572263
340 3.60960101044
342 3.96945941632
339 3.42956303425
339 3.42956303425
340 3.60960101044
342 3.96945941632
344 4.32900442802
345 4.50865069606
344 4.32900442802
346 4.68820817711
346 4.68820817711
341 3.78956763996
337 3.06928710953
329 1.62603612764
326 1.08418578394
317 -0.542141422467
306 -2.52842624713
294 -4.68820817711
270 -8.96214562164
242 -13.8215992013
206 -19.7771916387
157 -27.2088582456
263 -10.1921117343
257 -11.2389089025
